78
14
76
62
38
40
71
12
90
16
24
18
55
82
36
89
16
90
6
65
61
67
7
48
39
23
41
68
0
83
65
5
69
35
2
11
46
87
12
31
3
40
97
15
64
38
75
99
62
46
70
11
92
91
59
18
82
1
8
32
65
81
86
75
47
27
5
62
90
13
67
54
59
23
52
82
63
72
68
3
73
60
94
3
97
70
39

33
67
93
97
30
4
0
34
52
52
30
96
91
8
98
65
24
66
77
44
8
90
78
92
37
68
64
94
17
8
60
91
63
54
8
70
58
27
34
29
15
7
29
81
87
36
44
87
21
79
64
16
9
98
85
48
40
38
76
47
50
22
8
71
30
35
61
82
44
98
4
34
62
53
79
27
78
0
86
85
19
88
29
11
21
62
79
55
2
95
94
66
63
37
38
44
80
51
42
74
32
99
